	ethnicity	MX00384	MX00028	MX00395	MX00398	MX00402
C1_1.txt	cz	0	7.132306575	0	0	0
C1_10.txt	cz	0	0	0	0	0
C1_2.txt	cz	0	6.977688997	0	0	0
C1_3.txt	cz	0	6.648322631	0	0	0
C1_4.txt	cz	0	7.261816271	0	0	0
C1_5.txt	cz	7.002586584	6.900780522	6.834698932	6.988340506	7.426142866
C1_6.txt	cz	0	7.079051843	6.150214692	0	7.062631577
C1_7.txt	cz	0	7.149308396	0	0	0
C1_8.txt	cz	7.769724047	8.085251262	7.088576187	7.841217194	7.153606079
C1_9.txt	cz	7.515438245	7.818149423	0	0	0
C2_1.txt	cz	7.162431768	7.467896671	0	6.445288252	6.387970396
C2_10.txt	cz	7.609941727	7.403934446	7.492408608	7.580662211	7.524216642
C2_2.txt	cz	7.152368987	0	7.455754721	7.11887195	7.323408377
C2_3.txt	cz	6.831554397	7.607224657	6.790613822	7.031963885	0
C2_4.txt	cz	7.052378358	7.719142195	7.06199177	7.145975541	0
C2_5.txt	cz	7.078691411	7.695753665	6.96843933	7.178958712	0
C2_6.txt	cz	7.138807166	7.608617279	6.920246394	7.0421959	7.065896377
C2_7.txt	cz	6.727880346	7.408935501	6.159517565	6.564567952	0
C2_8.txt	cz	7.323895596	7.802864371	7.352819306	7.107653334	6.654378909
C2_9.txt	cz	7.382857481	6.547028998	7.636718793	7.328370347	5.864644553
C3_1.txt	cz	7.40471379	6.406177265	0	7.066813404	7.637149315
C3_10.txt	cz	7.490771212	7.161819883	6.904322285	7.28262175	7.514586891
C3_2.txt	cz	7.218986816	6.663697534	7.613878466	6.538436236	6.602839501
C3_3.txt	cz	6.921680286	0	7.384680061	7.695979464	6.670455526
C3_4.txt	cz	6.877807898	7.287575099	7.303316995	6.949628266	7.152306205
C3_5.txt	cz	6.470922551	7.181396949	7.394168825	7.474527926	0
C3_6.txt	cz	6.683851899	7.095036008	7.110671377	7.326666106	7.512389547
C3_7.txt	cz	7.017173627	7.010761785	7.230893769	7.409831111	7.670981952
C3_8.txt	cz	7.374849853	7.254755967	7.458642441	7.677355025	7.421413684
C3_9.txt	cz	6.938359737	7.052433595	7.479920392	7.369062417	7.36542394
C4_1.txt	cz	0	0	0	0	8.195678892
C4_2.txt	cz	8.557804819	0	8.874706392	0	7.947208448
C4_3.txt	cz	8.921855299	8.748217024	0	0	9.079327146
C4_4.txt	cz	8.979961769	9.1273249	9.27264172	8.626751321	9.255932666
C4_5.txt	cz	8.725450055	8.866568448	0	8.126172671	9.404334539
C4_6.txt	cz	8.501028444	0	8.176571746	8.161904803	8.610091768
C4_8.txt	cz	8.103860781	0	8.26190211	0	8.158616827
C4_9.txt	cz	8.397743992	0	8.920482002	8.552271171	8.493379752
C5_1.txt	cz	8.582326129	9.252143101	0	0	9.174028431
C5_10.txt	cz	8.460071149	0	8.544128818	0	0
C5_2.txt	cz	8.792844092	0	9.035767705	8.353374357	9.069999647
C5_3.txt	cz	0	0	0	8.387768265	0
C5_4.txt	cz	9.180752645	0	8.970432878	9.239611348	8.565739638
C5_5.txt	cz	0	0	8.117737743	8.534975208	8.350985106
C5_6.txt	cz	8.859285692	9.53988972	8.72021486	8.88147233	8.749326948
C5_7.txt	cz	8.945355795	0	8.827650059	7.946036578	9.22469389
C5_8.txt	cz	0	0	9.291984783	0	9.541787802
C5_9.txt	cz	8.105865572	0	8.510868444	0	9.168954744
C6_1.txt	cz	9.018659019	8.535500286	9.277810639	8.591340541	9.273074015
C6_10.txt	cz	8.532282237	8.82727607	8.58126976	0	9.180461009
C6_2.txt	cz	9.119113439	8.614903892	9.24915235	9.1211782	9.244542102
C6_3.txt	cz	9.295608617	0	9.339816701	0	9.786757824
C6_4.txt	cz	9.57975343	8.544731908	0	9.207305408	9.569748377
C6_5.txt	cz	8.699175647	8.576407027	8.983973606	9.086738779	9.398494424
C6_6.txt	cz	9.276592356	8.816466774	9.579879147	0	9.729113878
C6_7.txt	cz	9.224308304	8.820397616	9.207877985	9.143570028	9.322780855
C6_8.txt	cz	9.082449473	0	9.127296747	9.098553681	8.925691833
C6_9.txt	cz	9.119596446	0	9.62972124	9.170779055	8.834859296
I1_1.txt	ind	0	7.688232688	8.380458424	7.652686216	0
I1_10.txt	ind	8.125371595	6.964570033	6.893265951	8.209262823	8.07390876
I1_2.txt	ind	7.27551797	7.514296878	0	8.069002421	0
I1_3.txt	ind	6.730991462	6.866405794	6.144130658	0	0
I1_4.txt	ind	7.183406034	8.068327916	7.60586217	7.898325211	7.760615619
I1_5.txt	ind	0	6.634300493	0	0	0
I1_6.txt	ind	7.527448	7.36844932	7.713280334	7.952726587	7.62932108
I1_7.txt	ind	6.989872159	8.370276236	7.578814142	7.569450531	7.488568666
I1_7_2.txt	ind	6.997685132	7.497538616	7.224152312	7.560591277	7.658149347
I1_8.txt	ind	6.808944196	7.100852379	0	7.678307472	7.057092091
I1_9.txt	ind	7.779370224	7.648818979	8.00241379	7.914182523	6.884511309
I2_1.txt	ind	0	0	0	0	0
I2_10.txt	ind	6.651106395	6.659382269	6.827919741	6.89030016	0
I2_2.txt	ind	6.837083214	6.703984492	7.238316938	0	0
I2_4.txt	ind	6.692641968	7.142866021	6.488970566	6.097475964	6.764530226
I2_5.txt	ind	0	6.944362336	6.694803175	6.751021377	0
I2_6.txt	ind	0	7.115911053	0	6.773332099	0
I2_7.txt	ind	6.987472487	7.409154159	6.770386552	7.315462049	7.064869662
I2_8.txt	ind	6.748801422	7.501642674	6.945333401	7.103817878	7.17169905
I2_9.txt	ind	6.672626636	7.005268264	6.455804884	6.863063158	0
I3_1.txt	ind	6.932329094	7.963119137	0	0	0
I3_10.txt	ind	7.803988446	6.117713984	7.516517975	8.100738044	8.180109582
I3_2.txt	ind	8.189172216	7.824651897	8.108098221	8.060934112	8.358004068
I3_3.txt	ind	7.958951775	7.874329701	8.332216054	8.394177677	8.124085571
I3_4.txt	ind	7.816955925	8.088432364	7.513076458	7.821778511	8.051743263
I3_5.txt	ind	7.422278484	7.893346116	8.191499421	8.155305217	7.65942419
I3_5_2.txt	ind	6.491808927	7.258370327	0	7.61285283	7.147452226
I3_6.txt	ind	6.981034494	0	6.773140079	7.183858348	7.026423104
I3_6_2.txt	ind	7.552383179	7.647729671	7.959834358	8.406186516	8.131820965
I3_7.txt	ind	7.700272054	8.445545378	7.631247156	7.868202356	8.18687604
I3_8.txt	ind	8.215801232	8.229700647	7.462348905	8.362749506	5.500838634
I3_9.txt	ind	8.72461166	6.744334454	7.704510583	8.48543256	6.008260693
I4_1.txt	ind	7.627162172	7.549921045	7.219285237	5.862306732	8.513194555
I4_10.txt	ind	6.716444513	7.309406746	6.902181416	0	7.307640379
I4_2.txt	ind	7.381324539	7.538751462	7.577794356	7.54765455	8.091362796
I4_3.txt	ind	7.101077387	8.198085355	7.102278896	7.441132246	0
I4_3_2.txt	ind	7.101077387	8.198085355	7.102278896	7.441132246	6.895468515
I4_4.txt	ind	7.347778444	8.257318167	7.380762952	6.752552552	7.060663813
I4_5.txt	ind	0	7.296584685	0	0	0
I4_6.txt	ind	0	7.61908501	7.776930189	7.697215956	8.01092714
I4_6_1.txt	ind	7.401573776	8.227837231	7.225390601	7.321785238	7.450916777
I4_8.txt	ind	7.236138177	7.738062396	0	7.585066234	7.457970275
I4_9.txt	ind	7.668327609	8.033036208	7.351545511	7.805361236	0
V10_1.txt	viet	8.6860691	9.004094314	9.001794428	8.034023135	9.415587197
V10_10.txt	viet	8.767902309	9.00756531	8.758532256	8.155015352	8.672085169
V10_2.txt	viet	8.884794871	0	9.172034533	0	9.380122308
V10_3.txt	viet	8.741695602	8.921371477	9.014831692	0	0
V10_4.txt	viet	0	0	8.908553234	7.985288749	8.90458751
V10_5.txt	viet	8.822842682	8.545977066	8.785696783	0	8.473740256
V10_6.txt	viet	8.98451876	8.658199528	9.211246122	8.867985924	9.43086317
V10_7.txt	viet	9.03998578	8.416734942	9.323815815	9.239094129	9.782127169
V10_8.txt	viet	9.060645373	8.451425129	9.145566259	8.934677418	9.273103172
V10_9.txt	viet	8.27938827	8.457621308	8.415598214	8.43787352	9.01417116
V1_1.txt	viet	7.461805816	7.30490769	7.653869095	7.43171389	7.878181367
V1_10.txt	viet	6.489166611	7.24080603	6.728275683	6.632235735	7.215960772
V1_2.txt	viet	6.878180602	6.581084302	0	0	0
V1_3.txt	viet	0	0	0	7.242317068	7.896545793
V1_4.txt	viet	7.476264285	0	0	7.688203386	0
V1_5.txt	viet	0	0	0	0	0
V1_6.txt	viet	0	0	0	0	0
V1_7.txt	viet	0	6.968740554	0	0	0
V1_8.txt	viet	0	7.390807536	6.908137498	7.54064333	6.220521517
V1_9.txt	viet	7.121260199	7.423926723	7.369194068	7.369809285	7.610849604
V2_1.txt	viet	0	6.909691805	7.128938925	6.83581558	6.839453975
V2_10.txt	viet	6.784321458	7.163427388	6.749894549	7.179847998	0
V2_2.txt	viet	7.455959079	0	6.777257349	0	7.395292382
V2_3.txt	viet	7.380483803	0	7.550917087	7.370483556	7.580147029
V2_4.txt	viet	6.69728646	6.981697767	0	7.42906822	7.286746883
V2_5.txt	viet	7.421928326	7.04480496	7.45960934	7.521572893	7.644457783
V2_6.txt	viet	6.925965054	7.157077736	7.5683154	7.731247392	7.776295249
V2_7.txt	viet	7.633475495	7.570404959	7.687218272	7.865618785	7.931157626
V2_8.txt	viet	7.507890965	7.484963461	7.354914978	7.181657144	6.949760268
V2_9.txt	viet	0	7.334292711	0	0	0
V3_1.txt	viet	7.143293846	7.465818563	0	7.062607816	7.233268056
V3_10.txt	viet	7.480521033	7.523003044	7.481946061	7.380390243	7.711869164
V3_2.txt	viet	7.135898116	0	7.337616378	7.730781953	6.86601279
V3_3.txt	viet	7.036383937	7.610559582	6.792379501	6.753371375	5.88270209
V3_4.txt	viet	7.037783628	7.555441334	7.273072328	0	0
V3_5.txt	viet	7.065676272	7.243696287	6.953943757	7.408830018	0
V3_6.txt	viet	7.13583097	7.604813444	6.88987034	7.039798032	7.064053195
V3_7.txt	viet	6.725069984	7.407603155	6.152421059	6.361764655	0
V3_8.txt	viet	7.280602383	7.800157199	7.287652477	7.045086243	6.813222865
V3_9.txt	viet	7.377687057	7.858423749	7.624347782	7.361904124	7.691010717
V4_10.txt	viet	7.448088564	7.541415953	6.897480341	7.14026616	7.214360745
V4_2.txt	viet	7.554726776	6.657172159	7.001734189	6.679402638	6.596851001
V4_3.txt	viet	6.663560534	0	7.451777918	7.033900574	0
V4_4.txt	viet	6.58428078	0	0	7.037064169	7.141562675
V4_5.txt	viet	6.466887482	7.172695588	0	6.953992767	7.15683919
V4_6.txt	viet	6.673724245	7.097309658	7.08280005	7.305345844	7.482635414
V4_7.txt	viet	7.010077833	7.009603977	7.125766473	7.396550635	7.849632301
V4_8.txt	viet	7.412921797	7.26300867	7.449130469	7.673169869	7.441308276
V4_9.txt	viet	7.003698381	7.045606	7.448887712	7.358985026	7.6006275
V5_1.txt	viet	7.029001268	6.19329856	6.079981781	7.060077149	0
V5_10.txt	viet	7.389872435	7.007564721	7.215754989	7.008599916	6.741933492
V5_2.txt	viet	7.190279888	6.543535521	6.88320118	7.10271738	6.662918019
V5_3.txt	viet	6.82395599	6.894991629	6.292975385	6.193579812	6.333227149
V5_4.txt	viet	7.036022935	6.913849866	6.917098069	7.028564218	6.212174016
V5_5.txt	viet	6.493991146	6.739088972	0	6.513217867	0
V5_6.txt	viet	6.707117252	6.79688579	7.10302019	7.279289236	7.43834582
V5_7.txt	viet	7.309712122	6.7356547	7.144001277	7.234666098	7.069153779
V5_8.txt	viet	6.729535726	6.847219281	7.173140009	7.155191937	7.15745293
V5_9.txt	viet	7.44032899	6.944132727	7.191464568	7.751614221	7.481105511
V6_1.txt	viet	0	9.114047541	0	0	0
V6_5.txt	viet	7.717116874	9.031826186	8.571002972	0	0
V6_6.txt	viet	0	0	7.842708511	0	8.517438225
V6_7.txt	viet	8.932035395	8.746111522	8.526484131	0	8.372532186
V7_1.txt	viet	8.489927129	0	8.908489304	8.560970061	9.499870188
V7_2.txt	viet	8.891062951	9.010478775	9.068078159	8.248181876	9.373235829
V7_3.txt	viet	8.673843232	9.143008412	9.090221111	8.814763811	9.313079414
V7_4.txt	viet	8.9606103	8.936690692	8.960991806	0	0
V7_5.txt	viet	8.941250747	9.452641724	8.950776962	0	9.367172969
V7_6.txt	viet	8.837741277	8.591517139	9.512567669	9.322404319	9.150063521
V8_1.txt	viet	8.879432823	8.938561079	9.038994762	8.886465352	8.891598497
V8_10.txt	viet	8.59659384	9.08984743	8.706112547	7.886717373	0
V8_3.txt	viet	8.37839292	8.466625418	8.339069931	8.11136814	8.316728101
V8_5.txt	viet	8.688200947	0	8.585353034	8.3945511	8.837579323
V8_6.txt	viet	8.955306806	8.705891182	8.903472315	8.090432653	8.797327683
V8_7.txt	viet	8.574804485	8.459293067	8.031331905	0	8.810505527
V8_8.txt	viet	8.869110744	8.053127259	7.829796588	0	8.613509165
V8_9.txt	viet	0	0	0	0	0
V9_1.txt	viet	8.731296806	8.538010027	8.914761651	0	9.05385156
V9_2.txt	viet	8.636641499	8.372154159	8.562524888	8.117204893	8.558608866
V9_3.txt	viet	8.214876321	8.951718528	8.819179417	8.19137298	8.884674369
V9_4.txt	viet	8.994177063	9.151526708	9.159613716	9.070948962	9.167335744
V9_5.txt	viet	9.399142812	9.214673837	9.301698718	0	9.309681643
V9_6.txt	viet	8.647990183	8.639256305	9.042178705	8.996061759	8.966923799
V9_8.txt	viet	8.616247403	8.405487154	0	8.53464236	9.181817822
V9_9.txt	viet	8.55328079	8.410953791	8.711217741	0	8.059340928
