	ethnicity	MX00384	MX00028	MX00049	MX00027	MX00395	MX00398	MX00102	MX00178	MX00020	MX00179	MX00092	MX00402	MX00001	MX00180	MX00087	MX00085	MX00101	MX00030	MX00023
C1_1.txt	cz	0	7.132306575	5.937536447	5.861677758	0	0	0	0	6.199637814	0	0	0	7.825123194	0	0	0	0	7.093187699	7.316666672
C1_10.txt	cz	0	0	0	0	0	0	6.206421605	0	0	0	6.600552439	0	0	0	6.810835674	6.855381395	6.51861329	0	0
C1_2.txt	cz	0	6.977688997	0	5.794033996	0	0	0	0	7.290140388	0	0	0	7.910032737	0	0	0	0	7.1092873	0
C1_3.txt	cz	0	6.648322631	0	0	0	0	0	0	6.255313279	0	0	0	7.741257921	0	0	0	0	7.195158867	7.313199707
C1_4.txt	cz	0	7.261816271	5.926042865	6.141986587	0	0	0	6.364172629	6.40803159	6.632835541	6.443015173	0	7.075362913	6.652995892	6.806203317	7.11105446	6.229730464	7.628578844	7.810111833
C1_5.txt	cz	7.002586584	6.900780522	6.375849544	6.326036053	6.834698932	6.988340506	6.775407633	6.967786024	6.712369171	7.003959383	7.055291426	7.426142866	6.999763766	7.216124293	7.147479162	7.97495528	7.63799176	7.183197987	7.62016509
C1_6.txt	cz	0	7.079051843	6.163652363	6.255191429	6.150214692	0	0	6.287420324	6.752991802	6.709893218	0	7.062631577	6.355400559	0	6.714853448	7.217577768	0	7.12189612	7.633696098
C1_7.txt	cz	0	7.149308396	0	0	0	0	0	6.348794191	0	6.108739518	6.982902401	0	0	0	7.226167045	7.316978291	0	0	6.229379497
C1_8.txt	cz	7.769724047	8.085251262	0	0	7.088576187	7.841217194	8.096028958	7.527808286	6.308105761	7.53604705	7.329571745	7.153606079	6.218051578	7.914162573	7.37116432	7.553231509	8.267726794	7.078716809	0
C1_9.txt	cz	7.515438245	7.818149423	0	0	0	0	7.669097734	0	0	0	7.16763452	0	0	6.840130946	0	7.376563052	7.051693644	6.656476918	7.036244127
C2_1.txt	cz	7.162431768	7.467896671	0	0	0	6.445288252	6.788766564	6.994742658	6.40223111	6.997358202	7.007850068	6.387970396	6.613078759	7.44909582	7.85235356	7.621213039	7.248636935	7.346243722	7.60949863
C2_10.txt	cz	7.609941727	7.403934446	6.427439691	6.490574909	7.492408608	7.580662211	6.884689694	7.372624998	6.975022368	7.523233944	7.243460127	7.524216642	7.426787642	7.716854378	7.459451943	7.710957306	7.799976181	7.817524291	8.157062133
C2_2.txt	cz	7.152368987	0	6.14627474	0	7.455754721	7.11887195	6.762585244	6.567304743	6.64178455	6.870900251	6.363086561	7.323408377	7.37105086	6.262056248	7.126001944	6.795068554	0	0	7.724550159
C2_3.txt	cz	6.831554397	7.607224657	6.278234881	6.346751286	6.790613822	7.031963885	6.513264624	7.143070942	0	7.080562889	6.569535072	0	7.689046951	7.03940234	7.461172113	7.30616418	7.241874717	7.660584499	7.889146197
C2_4.txt	cz	7.052378358	7.719142195	6.390629228	6.404268595	7.06199177	7.145975541	6.764241982	7.056045546	6.806001809	6.88522831	6.849222309	0	0	7.62607171	7.842961312	7.122474444	7.545167018	7.888086675	8.023856955
C2_5.txt	cz	7.078691411	7.695753665	6.342056535	6.324976155	6.96843933	7.178958712	6.726497697	7.505056215	6.810855411	7.34182555	6.891428954	0	0	7.566139335	7.787210134	7.806813724	7.642515584	7.687599584	7.875400425
C2_6.txt	cz	7.138807166	7.608617279	6.301101648	6.401733372	6.920246394	7.0421959	6.652847167	7.014030232	6.849748481	7.220088073	7.067545604	7.065896377	7.059844842	7.41604355	7.336835406	7.59740984	6.957142722	7.751292302	8.009302203
C2_7.txt	cz	6.727880346	7.408935501	6.184065653	0	6.159517565	6.564567952	6.217098699	7.195594377	6.411864391	7.28970801	6.89399604	0	7.430506442	7.476900852	7.225631781	7.863759731	7.200281933	7.519744538	7.73132183
C2_8.txt	cz	7.323895596	7.802864371	6.341861882	6.494259258	7.352819306	7.107653334	7.036093281	7.238906359	6.930855594	7.378051727	7.009193728	6.654378909	7.49535619	7.451404334	7.203350519	7.288965891	7.327683767	7.823156289	8.034689077
C2_9.txt	cz	7.382857481	6.547028998	6.782458076	6.637273829	7.636718793	7.328370347	7.021642218	7.322084829	7.111460019	7.411758069	7.101758343	5.864644553	7.520929324	7.505307734	7.205453741	7.369767618	7.616043262	8.181912132	8.173754828
C3_1.txt	cz	7.40471379	6.406177265	6.048507448	0	0	7.066813404	6.783021452	7.043058047	0	6.849502579	7.220069078	7.637149315	6.780633879	7.558576403	7.82534388	7.465692414	7.932860835	6.734456898	7.213100288
C3_10.txt	cz	7.490771212	7.161819883	6.534480227	6.536928824	6.904322285	7.28262175	6.948281728	6.89380103	7.122390118	7.178307445	7.031465464	7.514586891	7.364409503	7.410602199	7.593740443	7.847858804	7.651622569	7.443570218	8.001074981
C3_2.txt	cz	7.218986816	6.663697534	6.308433572	0	7.613878466	6.538436236	6.997965087	6.758459203	0	6.824410083	6.722611302	6.602839501	7.400451554	6.585484869	7.428157011	7.000964928	7.32188745	6.878486867	7.482117668
C3_3.txt	cz	6.921680286	0	6.382984926	6.256050402	7.384680061	7.695979464	7.305098911	0	6.88110807	0	7.056656471	6.670455526	0	6.359000607	7.270400845	7.318538669	7.082671649	0	7.662279136
C3_4.txt	cz	6.877807898	7.287575099	6.631438087	6.610346783	7.303316995	6.949628266	7.811661695	6.927610493	0	0	6.726061813	7.152306205	7.708130676	6.956552352	6.850213869	6.350397475	7.447191967	7.492345013	8.049810206
C3_5.txt	cz	6.470922551	7.181396949	6.546370639	6.443078432	7.394168825	7.474527926	7.636085863	0	7.049996418	0	6.969070343	0	0	7.086918572	7.147747444	6.692088665	0	7.339429617	7.926760789
C3_6.txt	cz	6.683851899	7.095036008	6.638280446	6.639216266	7.110671377	7.326666106	0	0	0	0	0	7.512389547	7.926111437	7.316678758	6.701871799	6.288213667	6.695002024	0	8.063810209
C3_7.txt	cz	7.017173627	7.010761785	6.577447794	6.516043027	7.230893769	7.409831111	7.250692303	6.873996517	7.149024992	6.933493868	6.819048689	7.670981952	7.367474916	7.205988905	7.407011909	7.714518209	7.187482253	7.256503407	7.9007957
C3_8.txt	cz	7.374849853	7.254755967	6.761477908	6.754681957	7.458642441	7.677355025	7.302946623	6.81440157	7.37351586	6.928324147	7.243236191	7.421413684	7.563975437	7.241847469	7.470209822	7.567057107	7.397535423	7.520420277	8.119331089
C3_9.txt	cz	6.938359737	7.052433595	6.529794296	6.532444021	7.479920392	7.369062417	7.077323383	6.67382568	7.170878591	6.888325152	6.820073846	7.36542394	7.314349378	7.044401611	7.051048395	7.231876296	7.119679648	7.219729642	7.885600135
C4_1.txt	cz	0	0	0	0	0	0	0	0	0	0	0	8.195678892	0	0	0	0	0	0	0
C4_2.txt	cz	8.557804819	0	0	0	8.874706392	0	0	0	0	0	0	7.947208448	0	0	0	0	0	0	0
C4_3.txt	cz	8.921855299	8.748217024	0	0	0	0	0	0	0	0	0	9.079327146	0	0	0	0	0	0	0
C4_4.txt	cz	8.979961769	9.1273249	0	0	9.27264172	8.626751321	0	0	0	0	0	9.255932666	0	0	0	0	0	0	0
C4_5.txt	cz	8.725450055	8.866568448	0	0	0	8.126172671	0	0	0	0	0	9.404334539	0	0	0	0	0	0	0
C4_6.txt	cz	8.501028444	0	0	0	8.176571746	8.161904803	0	0	0	0	0	8.610091768	0	0	0	0	0	0	0
C4_8.txt	cz	8.103860781	0	0	0	8.26190211	0	0	0	0	0	0	8.158616827	0	0	0	0	0	0	0
C4_9.txt	cz	8.397743992	0	0	0	8.920482002	8.552271171	0	0	0	0	0	8.493379752	0	0	0	0	0	0	0
C5_1.txt	cz	8.582326129	9.252143101	0	0	0	0	0	0	0	0	0	9.174028431	0	0	0	0	0	0	0
C5_10.txt	cz	8.460071149	0	0	0	8.544128818	0	0	0	0	0	0	0	0	0	0	0	0	0	0
C5_2.txt	cz	8.792844092	0	0	0	9.035767705	8.353374357	0	0	0	0	0	9.069999647	0	0	0	0	0	0	0
C5_3.txt	cz	0	0	0	0	0	8.387768265	0	0	0	0	8.936802744	0	0	0	0	0	0	0	0
C5_4.txt	cz	9.180752645	0	0	0	8.970432878	9.239611348	0	0	0	0	8.930767382	8.565739638	0	0	0	0	0	0	0
C5_5.txt	cz	0	0	0	0	8.117737743	8.534975208	0	0	0	0	8.637525407	8.350985106	0	0	0	0	0	0	0
C5_6.txt	cz	8.859285692	9.53988972	0	0	8.72021486	8.88147233	0	0	0	0	0	8.749326948	0	0	0	0	0	0	0
C5_7.txt	cz	8.945355795	0	0	0	8.827650059	7.946036578	0	0	0	0	8.9316372	9.22469389	0	0	0	0	0	0	0
C5_8.txt	cz	0	0	0	0	9.291984783	0	0	0	0	0	0	9.541787802	0	0	0	0	0	0	0
C5_9.txt	cz	8.105865572	0	0	0	8.510868444	0	0	0	0	0	0	9.168954744	0	0	0	0	0	0	0
C6_1.txt	cz	9.018659019	8.535500286	0	0	9.277810639	8.591340541	0	0	0	0	0	9.273074015	0	0	0	0	0	0	0
C6_10.txt	cz	8.532282237	8.82727607	0	0	8.58126976	0	0	0	0	0	0	9.180461009	0	0	0	0	0	0	0
C6_2.txt	cz	9.119113439	8.614903892	0	0	9.24915235	9.1211782	0	0	0	0	0	9.244542102	0	0	0	0	0	0	0
C6_3.txt	cz	9.295608617	0	0	0	9.339816701	0	0	0	0	0	0	9.786757824	0	0	0	0	0	0	0
C6_4.txt	cz	9.57975343	8.544731908	0	0	0	9.207305408	0	0	0	0	8.795986159	9.569748377	0	0	0	0	0	0	0
C6_5.txt	cz	8.699175647	8.576407027	0	0	8.983973606	9.086738779	0	0	0	0	8.937712599	9.398494424	0	0	0	0	0	0	0
C6_6.txt	cz	9.276592356	8.816466774	0	0	9.579879147	0	0	0	0	0	8.765739433	9.729113878	0	0	0	0	0	0	0
C6_7.txt	cz	9.224308304	8.820397616	0	0	9.207877985	9.143570028	0	0	0	0	0	9.322780855	0	0	0	0	0	0	0
C6_8.txt	cz	9.082449473	0	0	0	9.127296747	9.098553681	0	0	0	0	0	8.925691833	0	0	0	0	0	0	0
C6_9.txt	cz	9.119596446	0	0	0	9.62972124	9.170779055	0	0	0	0	0	8.834859296	0	0	0	0	0	0	0
I1_1.txt	ind	0	7.688232688	0	6.795671715	8.380458424	7.652686216	0	0	7.342731453	0	7.665455056	0	6.272317676	7.425243697	7.674455781	8.12773114	0	0	0
I1_10.txt	ind	8.125371595	6.964570033	6.374894186	0	6.893265951	8.209262823	6.851520131	7.385524822	6.712815981	7.228197384	7.340973057	8.07390876	6.489557169	7.822111323	8.043280195	8.197073892	8.083415487	7.069471806	7.581300791
I1_2.txt	ind	7.27551797	7.514296878	6.574546788	6.444753305	0	8.069002421	6.281176593	0	0	6.949200242	7.891631281	0	6.040415609	0	7.883511745	8.113121046	7.811307437	7.476689844	7.9026571
I1_3.txt	ind	6.730991462	6.866405794	0	6.297529628	6.144130658	0	5.990353065	6.395000856	6.875110191	6.723221057	0	0	6.979956438	6.134764061	6.796805294	7.10062288	6.822373732	6.977429603	7.611432084
I1_4.txt	ind	7.183406034	8.068327916	6.793116706	6.738087592	7.60586217	7.898325211	6.722153383	6.926370593	7.25168554	7.122641606	7.216154972	7.760615619	6.994724591	7.313012211	7.397877657	7.692856231	7.434375089	7.324704113	7.960942209
I1_5.txt	ind	0	6.634300493	0	6.110133967	0	0	0	6.625585703	6.775781511	6.936767761	0	0	7.178399902	7.098196674	0	6.871252116	0	6.840774782	7.407782392
I1_6.txt	ind	7.527448	7.36844932	6.976039074	6.942995236	7.713280334	7.952726587	6.791502718	7.144193075	7.390434851	7.399020699	0	7.62932108	6.984543245	7.227033802	7.708225866	8.194344426	7.91285879	7.469979879	8.120535879
I1_7.txt	ind	6.989872159	8.370276236	6.772506243	6.820362073	7.578814142	7.569450531	0	6.524521653	7.301475071	6.949951006	6.594130347	7.488568666	7.64728265	7.188632022	6.810080959	7.112199001	0	7.744984041	8.218183834
I1_7_2.txt	ind	6.997685132	7.497538616	6.728221282	6.699958202	7.224152312	7.560591277	6.550580173	6.904496666	7.164810973	7.280179219	7.278430549	7.658149347	7.286862146	7.318807012	7.453039461	7.27111524	7.508104427	7.380641378	7.915251311
I1_8.txt	ind	6.808944196	7.100852379	6.732298124	6.691099801	0	7.678307472	6.343404655	7.044310598	7.170025283	7.453196308	6.921517406	7.057092091	7.335506924	7.619594943	6.98742689	7.366625207	7.511144619	7.295737002	7.895090095
I1_9.txt	ind	7.779370224	7.648818979	6.433745839	6.43014055	8.00241379	7.914182523	6.695481939	7.128282149	6.879444093	7.097569397	7.228731138	6.884511309	6.62344871	7.268392515	7.908625407	8.231726136	7.663367276	7.050539677	7.65340497
I2_1.txt	ind	0	0	0	7.222881134	0	0	0	0	6.659818877	0	6.326863249	0	6.086310347	7.364461932	0	6.838933424	0	0	7.619013939
I2_10.txt	ind	6.651106395	6.659382269	5.883660867	0	6.827919741	6.89030016	7.162498541	6.268306219	7.284029915	6.618553886	6.955933973	0	6.981708276	6.60587389	0	0	6.621002425	7.1329918	0
I2_2.txt	ind	6.837083214	6.703984492	0	6.139000483	7.238316938	0	6.344949621	6.821663639	6.572851629	6.68277863	6.419077355	0	6.360052954	7.227743595	6.63055611	6.842709253	6.909366653	7.622093171	7.796233736
I2_4.txt	ind	6.692641968	7.142866021	6.258546775	6.15742322	6.488970566	6.097475964	6.540965557	6.440440074	6.649980465	6.539438947	6.521015234	6.764530226	7.131487266	7.035098788	6.736312982	6.754554959	6.950552651	7.413049243	7.67184582
I2_5.txt	ind	0	6.944362336	6.34502596	6.33610615	6.694803175	6.751021377	0	6.774076463	6.825263665	7.288207292	0	0	6.958326987	7.47240646	7.141662385	7.533400793	7.264590042	7.08339776	7.648025016
I2_6.txt	ind	0	7.115911053	6.53325792	6.304763169	0	6.773332099	0	0	6.766678697	6.353201624	0	0	7.066504937	6.985445831	6.61142419	6.918836547	6.418994945	7.644794162	7.844901539
I2_7.txt	ind	6.987472487	7.409154159	0	6.527672426	6.770386552	7.315462049	0	6.229972213	6.927737664	6.71903016	0	7.064869662	7.245714001	6.996662379	6.935796766	7.061827123	6.658288493	8.186569836	7.945823478
I2_8.txt	ind	6.748801422	7.501642674	6.593022197	6.291580617	6.945333401	7.103817878	6.540315832	6.351987331	6.866371117	6.849468185	6.842391476	7.17169905	7.481883536	6.728113433	7.10634833	7.438277198	6.642475204	7.792995751	7.919196759
I2_9.txt	ind	6.672626636	7.005268264	5.71450998	5.990721026	6.455804884	6.863063158	6.439860317	6.465828964	7.618250054	6.595708137	6.860438033	0	7.325748654	6.826810859	7.078863878	7.365405836	6.564005008	7.54359366	0
I3_1.txt	ind	6.932329094	7.963119137	0	6.350294547	0	0	0	6.604687867	6.860075793	6.718517134	6.391394581	0	0	6.989112842	6.613188833	7.028329314	6.439273468	7.256791228	7.898482699
I3_10.txt	ind	7.803988446	6.117713984	6.197027904	6.006563587	7.516517975	8.100738044	6.801537271	7.470407433	6.418309911	7.270571332	7.517038718	8.180109582	6.583138331	8.006861601	8.253742043	8.317581055	8.482046528	7.005390528	0
I3_2.txt	ind	8.189172216	7.824651897	6.780805493	6.581190714	8.108098221	8.060934112	6.566700582	7.213604607	7.105809762	7.238432654	7.625754404	8.358004068	6.33068421	7.665965973	7.837450957	7.937553898	7.897539371	7.617108209	8.171371612
I3_3.txt	ind	7.958951775	7.874329701	6.922417711	6.711704251	8.332216054	8.394177677	6.760745897	7.13064548	7.160079503	6.958175711	7.159865353	8.124085571	6.837810137	7.685765745	7.243236389	7.296900589	8.023298406	7.498909371	0
I3_4.txt	ind	7.816955925	8.088432364	6.813845421	6.599857537	7.513076458	7.821778511	6.899321488	7.469779851	7.085396623	7.138538606	7.208283439	8.051743263	6.80560225	7.972649228	7.282469732	7.249124044	8.221064959	7.311047739	7.900274513
I3_5.txt	ind	7.422278484	7.893346116	7.108246763	6.965353372	8.191499421	8.155305217	6.831123734	6.938146262	7.423361135	6.887152041	7.162382915	7.65942419	7.378895455	7.548025884	7.232863059	7.346760375	7.832544875	7.869107423	8.233961487
I3_5_2.txt	ind	6.491808927	7.258370327	6.628979577	6.653628851	0	7.61285283	6.582352493	6.537963458	7.188866554	6.984269856	6.574238058	7.147452226	7.232009981	6.310676535	6.768215883	7.283623347	6.74355476	7.439143047	7.91566123
I3_6.txt	ind	6.981034494	0	6.647273502	7.869257436	6.773140079	7.183858348	6.823126393	6.284514652	8.067466546	6.903563381	0	7.026423104	7.502708269	0	0	7.273643807	6.509247966	0	0
I3_6_2.txt	ind	7.552383179	7.647729671	7.07271891	6.88661981	7.959834358	8.406186516	6.977642773	7.287767186	7.2501904	7.563493295	0	8.131820965	6.88484066	7.995338962	6.670213373	7.583794075	8.300623453	7.885648494	8.150649676
I3_7.txt	ind	7.700272054	8.445545378	7.188786085	6.982182556	7.631247156	7.868202356	7.019437508	7.110590485	7.43196067	7.122957479	7.233934771	8.18687604	7.294487852	7.524753161	7.29647046	7.428416848	8.107569464	7.922704314	8.110068473
I3_8.txt	ind	8.215801232	8.229700647	6.44136831	6.354408114	7.462348905	8.362749506	7.269737178	6.826522414	6.892131906	6.849087454	7.57456998	5.500838634	6.728322853	7.406307575	7.727813248	7.883412652	7.960268396	0	0
I3_9.txt	ind	8.72461166	6.744334454	0	6.390696179	7.704510583	8.48543256	7.171781022	7.479257282	6.654745759	7.725934244	7.578662081	6.008260693	6.76198847	7.969439984	8.319966305	8.51479785	7.491755882	7.553952496	7.684747742
I4_1.txt	ind	7.627162172	7.549921045	0	6.734966317	7.219285237	5.862306732	0	0	8.270380076	6.716418231	7.423221077	8.513194555	6.309712335	7.368477877	7.649655213	7.788148735	0	7.596326033	0
I4_10.txt	ind	6.716444513	7.309406746	5.419645191	5.943859902	6.902181416	0	6.250348021	0	6.551390827	6.414011658	6.471793061	7.307640379	6.771083819	6.317448415	6.685302924	7.011295529	6.414598858	6.903986531	7.449820825
I4_2.txt	ind	7.381324539	7.538751462	6.573050276	6.553753568	7.577794356	7.54765455	7.053136397	6.954788219	7.006362612	6.617824927	7.43755913	8.091362796	6.38796773	7.390348732	7.623103064	7.73650033	7.358254793	7.60040036	8.163157834
I4_3.txt	ind	7.101077387	8.198085355	6.431994481	6.430599055	7.102278896	7.441132246	6.500916209	6.683607025	0	6.522722719	6.511681401	0	6.991936408	7.119708132	6.718439322	6.933864272	6.837499424	7.45619702	7.952104944
I4_3_2.txt	ind	7.101077387	8.198085355	6.431994481	6.430599055	7.102278896	7.441132246	6.500916209	6.683607025	6.897044306	6.522722719	6.511681401	6.895468515	6.991936408	7.119708132	6.718439322	0	6.837499424	7.45619702	7.952104944
I4_4.txt	ind	7.347778444	8.257318167	6.34354093	6.514178379	7.380762952	6.752552552	6.899633398	6.83764613	7.023368201	6.683498218	6.862474325	7.060663813	7.121564079	7.292625995	7.04564803	7.218849953	7.352865175	7.365854023	7.938947495
I4_5.txt	ind	0	7.296584685	6.322462845	0	0	0	6.235559503	6.343493475	7.648690915	0	0	0	7.006685188	6.650609481	6.290367888	6.787702139	0	7.122139764	0
I4_6.txt	ind	0	7.61908501	7.09274727	6.911375341	7.776930189	7.697215956	6.963050081	7.272947555	7.287146077	7.322360893	7.435703245	8.01092714	7.010204647	8.022257618	6.600085441	7.567122277	8.205528464	7.886978576	8.07496318
I4_6_1.txt	ind	7.401573776	8.227837231	6.92370072	6.777900735	7.225390601	7.321785238	7.053575714	6.720195286	7.188803856	6.499381182	7.174147443	7.450916777	7.185966214	7.08688956	7.35163073	7.577285036	7.308331155	7.933348626	7.298808663
I4_8.txt	ind	7.236138177	7.738062396	6.209648231	6.247468996	0	7.585066234	6.762999628	6.549861188	6.812115995	6.484980223	7.059503855	7.457970275	6.659265792	7.114717243	7.248121662	7.400957283	7.067951948	6.892381643	7.579630298
I4_9.txt	ind	7.668327609	8.033036208	6.214117386	6.331129769	7.351545511	7.805361236	7.015101408	6.636995113	6.814778083	6.46799266	0	0	6.53814614	6.854584083	7.045598297	0	7.327273661	7.151182883	7.734723689
V10_1.txt	viet	8.6860691	9.004094314	0	0	9.001794428	8.034023135	0	0	0	0	0	9.415587197	0	0	0	0	0	0	0
V10_10.txt	viet	8.767902309	9.00756531	0	0	8.758532256	8.155015352	0	0	0	0	0	8.672085169	0	0	0	0	0	0	0
V10_2.txt	viet	8.884794871	0	0	0	9.172034533	0	0	0	0	0	0	9.380122308	0	0	0	0	0	0	0
V10_3.txt	viet	8.741695602	8.921371477	0	0	9.014831692	0	0	0	0	0	0	0	0	0	0	0	0	0	0
V10_4.txt	viet	0	0	0	0	8.908553234	7.985288749	0	0	0	0	0	8.90458751	0	0	0	0	0	0	0
V10_5.txt	viet	8.822842682	8.545977066	0	0	8.785696783	0	0	0	0	0	0	8.473740256	0	0	0	0	0	0	0
V10_6.txt	viet	8.98451876	8.658199528	0	0	9.211246122	8.867985924	0	0	0	0	0	9.43086317	0	0	0	0	0	0	0
V10_7.txt	viet	9.03998578	8.416734942	0	0	9.323815815	9.239094129	0	0	0	0	8.722196406	9.782127169	0	0	0	0	0	0	0
V10_8.txt	viet	9.060645373	8.451425129	0	0	9.145566259	8.934677418	0	0	0	0	8.844449025	9.273103172	0	0	0	0	0	0	0
V10_9.txt	viet	8.27938827	8.457621308	0	0	8.415598214	8.43787352	0	0	0	0	0	9.01417116	0	0	0	0	0	0	0
V1_1.txt	viet	7.461805816	7.30490769	0	0	7.653869095	7.43171389	6.932246208	0	7.759098637	0	6.399023004	7.878181367	0	6.600262205	6.890985068	6.464694425	7.230658252	0	6.141601515
V1_10.txt	viet	6.489166611	7.24080603	6.420472796	6.361527637	6.728275683	6.632235735	6.665248906	6.903298398	6.886637458	6.87853811	6.241050145	7.215960772	7.317367217	6.79055129	6.313999597	6.763999239	6.840506941	7.314394842	7.994384593
V1_2.txt	viet	6.878180602	6.581084302	6.028510252	5.818292551	0	0	6.294678251	0	0	0	6.883326758	0	7.09837393	6.338438564	7.051504679	6.719763212	7.17207565	6.892757231	7.233680562
V1_3.txt	viet	0	0	0	0	0	7.242317068	0	0	0	0	0	7.896545793	0	0	0	0	0	0	0
V1_4.txt	viet	7.476264285	0	0	0	0	7.688203386	0	0	0	0	0	0	0	0	0	0	7.412772724	0	0
V1_5.txt	viet	0	0	0	0	0	0	0	0	6.997627757	0	0	0	0	0	0	0	0	6.518246437	0
V1_6.txt	viet	0	0	0	0	0	0	0	0	0	0	0	0	0	0	0	0	0	0	0
V1_7.txt	viet	0	6.968740554	6.282500666	6.340103486	0	0	0	0	0	0	0	0	7.717380535	0	0	0	0	7.246827501	7.701497637
V1_8.txt	viet	0	7.390807536	6.679626645	6.543245457	6.908137498	7.54064333	0	0	6.956489229	0	0	6.220521517	7.602830224	0	0	0	0	0	7.982365822
V1_9.txt	viet	7.121260199	7.423926723	6.646701356	6.635051952	7.369194068	7.369809285	7.20288034	6.982860659	7.175936246	6.78681493	0	7.610849604	7.423814607	6.869225205	6.460006701	6.678657932	6.899001901	7.588672877	8.032044964
V2_1.txt	viet	0	6.909691805	0	0	7.128938925	6.83581558	6.715112377	0	0	0	6.44162225	6.839453975	0	0	7.057531573	0	7.178690535	7.095115907	0
V2_10.txt	viet	6.784321458	7.163427388	0	6.363747323	6.749894549	7.179847998	6.53841034	6.362840281	6.906321409	6.777844603	6.682779171	0	7.142088798	6.580548652	6.999504622	7.302853024	6.645812959	7.407723527	7.809877468
V2_2.txt	viet	7.455959079	0	6.451668255	6.337778226	6.777257349	0	6.321191697	0	0	0	0	7.395292382	0	0	6.877311958	6.494166565	6.635383506	0	7.673311686
V2_3.txt	viet	7.380483803	0	6.198344172	0	7.550917087	7.370483556	6.533031679	0	0	0	6.918765392	7.580147029	0	0	0	0	7.200526872	0	7.147754923
V2_4.txt	viet	6.69728646	6.981697767	6.258382473	6.192097503	0	7.42906822	6.643120709	0	6.701425845	0	6.769516677	7.286746883	0	0	6.997839797	6.582217499	7.204011911	7.110123519	7.561825169
V2_5.txt	viet	7.421928326	7.04480496	6.279865114	0	7.45960934	7.521572893	6.861510157	7.189773594	6.672584088	7.168765667	6.768791224	7.644457783	6.814085838	7.021763635	7.401731392	7.08293401	7.585972298	7.38455338	7.730131323
V2_6.txt	viet	6.925965054	7.157077736	6.53693778	6.450264201	7.5683154	7.731247392	7.174440238	7.347633076	6.274728294	7.352401772	6.924772964	7.776295249	7.17543031	7.249853977	7.896175002	0	0	7.375284506	0
V2_7.txt	viet	7.633475495	7.570404959	6.848637841	6.901687178	7.687218272	7.865618785	7.144813082	7.175933321	0	7.202028059	0	7.931157626	7.71170695	7.085101403	7.610192928	7.232972135	7.690503345	7.923341268	8.359612736
V2_8.txt	viet	7.507890965	7.484963461	6.485701698	0	7.354914978	7.181657144	7.285963061	6.907016392	7.023504319	7.021076947	6.491289259	6.949760268	7.432694348	6.70085604	7.098450655	0	7.485323453	7.636996505	8.099785132
V2_9.txt	viet	0	7.334292711	6.218626608	6.460322811	0	0	0	6.312405449	7.040007012	6.693617219	0	0	7.234331454	0	0	6.843289663	0	7.500780484	7.942136947
V3_1.txt	viet	7.143293846	7.465818563	0	0	0	7.062607816	6.708938176	6.993589904	0	7.000464924	6.916816131	7.233268056	7.005996237	7.382576903	7.810874322	7.402747726	7.246579425	7.334715013	7.605867164
V3_10.txt	viet	7.480521033	7.523003044	6.425505201	6.487843849	7.481946061	7.380390243	6.879196324	7.371895098	6.973358338	7.521693508	7.240997015	7.711869164	7.459367379	7.525917975	7.452690193	7.703042667	7.784105336	7.814891453	8.154485297
V3_2.txt	viet	7.135898116	0	0	0	7.337616378	7.730781953	6.809481467	6.560608466	6.622909063	6.843426392	6.359811965	6.86601279	0	7.02215224	7.031225537	6.795453574	0	0	7.722079341
V3_3.txt	viet	7.036383937	7.610559582	6.267835105	6.330099913	6.792379501	6.753371375	6.505252704	7.141273072	0	7.083332488	6.541789726	5.88270209	7.516340989	7.091405775	7.520600691	7.278237238	0	7.644999334	7.883019028
V3_4.txt	viet	7.037783628	7.555441334	6.377843686	6.341122591	7.273072328	0	6.801825176	7.054008988	0	6.861048231	6.827495019	0	0	7.623555825	7.792763266	0	7.550290508	0	6.275756019
V3_5.txt	viet	7.065676272	7.243696287	6.338040328	6.285872902	6.953943757	7.408830018	6.672931918	7.502312208	6.801655843	7.336290206	6.835325865	0	7.592515641	7.571279215	7.498592726	7.127229494	7.63616384	0	6.340053868
V3_6.txt	viet	7.13583097	7.604813444	6.287213691	6.398440201	6.88987034	7.039798032	6.701595441	7.013416811	6.988347466	7.216093795	7.061069588	7.064053195	7.109822352	7.404408173	7.337080771	7.594009373	6.964245814	7.746742829	8.004484118
V3_7.txt	viet	6.725069984	7.407603155	6.181641823	6.068733766	6.152421059	6.361764655	6.211770961	7.195054058	6.410660844	7.288999468	6.892885356	0	7.454600108	7.473158899	7.062921654	7.189599758	7.193957061	7.517172123	7.728002202
V3_8.txt	viet	7.280602383	7.800157199	6.335466326	0	7.287652477	7.045086243	6.949877509	7.237911602	6.934545918	7.37939681	7.000551334	6.813222865	7.524386099	7.455191319	7.155717138	7.284542869	7.311659047	7.818070503	8.029418069
V3_9.txt	viet	7.377687057	7.858423749	6.766840833	6.636248517	7.624347782	7.361904124	7.003674266	7.321103401	7.096979703	7.403102274	7.096310412	7.691010717	7.520405929	7.502690799	7.261774178	7.366903926	7.599729383	8.176332608	8.170211921
V4_10.txt	viet	7.448088564	7.541415953	6.532633626	6.533674083	6.897480341	7.14026616	6.938114461	6.89317393	7.118549587	7.162719339	7.023025909	7.214360745	7.463626256	7.408755418	7.142485732	7.165206149	7.64839084	7.43861887	7.997682347
V4_2.txt	viet	7.554726776	6.657172159	6.289339853	0	7.001734189	6.679402638	6.989782842	6.756480008	0	6.819592166	6.713810056	6.596851001	7.395762251	6.60106584	7.407382541	6.99099544	7.351411879	6.872995719	7.478278525
V4_3.txt	viet	6.663560534	0	6.377551383	6.229434554	7.451777918	7.033900574	7.290329119	0	6.869667497	0	7.027759934	0	0	6.353761057	7.23720713	6.729480835	7.084524088	0	7.67864934
V4_4.txt	viet	6.58428078	0	6.625278694	7.535877468	0	7.037064169	7.809065233	7.033283472	0	0	6.672252513	7.141562675	7.708697817	6.964326066	0	6.376609437	7.453016921	0	8.042183187
V4_5.txt	viet	6.466887482	7.172695588	6.53393873	6.405891661	0	6.953992767	7.634004317	0	7.204550698	6.800782561	6.926001052	7.15683919	0	6.935572153	7.103678134	6.691686253	0	7.333651154	7.916806936
V4_6.txt	viet	6.673724245	7.097309658	6.621598111	6.624166234	7.08280005	7.305345844	0	0	0	0	0	7.482635414	7.91256171	6.643226093	6.708322557	6.281096119	6.645669707	0	8.05820387
V4_7.txt	viet	7.010077833	7.009603977	6.572125578	6.513969903	7.125766473	7.396550635	7.246564409	6.873423902	7.14665182	6.927752795	6.821109702	7.849632301	7.390408639	7.202717882	7.397014375	7.706202945	7.18599842	7.252401324	7.896031926
V4_8.txt	viet	7.412921797	7.26300867	6.546300526	6.744573658	7.449130469	7.673169869	7.298748855	6.812300904	7.375443522	6.936644062	7.240321658	7.441308276	7.582701352	7.149731863	7.454295458	7.565386608	7.405060158	7.516345777	8.116081697
V4_9.txt	viet	7.003698381	7.045606	6.522338712	6.50523113	7.448887712	7.358985026	7.082297754	6.662894613	7.163747605	6.888979701	6.804931008	7.6006275	7.400604708	7.050651038	7.039841778	7.221928409	7.110757942	7.214234482	7.882845405
V5_1.txt	viet	7.029001268	6.19329856	5.692155727	0	6.079981781	7.060077149	0	7.23062595	0	6.828075268	6.984062122	0	6.75101999	7.173266853	7.65616893	7.238904755	7.634863963	6.912464067	7.076394359
V5_10.txt	viet	7.389872435	7.007564721	6.537006393	6.50458761	7.215754989	7.008599916	6.430297308	7.237375869	6.988043383	7.40957048	7.344426721	6.741933492	7.479716257	7.73839837	7.308485358	7.480130397	7.679215049	7.318683265	7.782535757
V5_2.txt	viet	7.190279888	6.543535521	6.2260836	0	6.88320118	7.10271738	6.506986278	7.404335822	0	7.102663862	7.291146162	6.662918019	7.242876511	7.871127731	7.395886228	0	0	7.326881582	7.395604078
V5_3.txt	viet	6.82395599	6.894991629	6.527819042	6.647528493	6.292975385	6.193579812	6.264013634	7.392351701	0	7.451516736	6.592402843	6.333227149	7.853731348	7.367364476	7.336028007	6.999613523	7.375211914	7.53656377	7.968560788
V5_4.txt	viet	7.036022935	6.913849866	6.651209665	6.667778692	6.917098069	7.028564218	6.587256457	7.154053615	0	7.350483055	6.990079888	6.212174016	7.770504408	7.675003002	7.761901307	7.452002946	7.463422039	7.62565655	7.914065236
V5_5.txt	viet	6.493991146	6.739088972	6.171744878	6.50867244	0	6.513217867	0	7.300340484	5.815177801	6.981021927	6.984865841	0	7.763899135	7.208306425	7.342495735	6.995136083	0	7.371276994	7.815626952
V5_6.txt	viet	6.707117252	6.79688579	6.546381624	6.539915384	7.10302019	7.279289236	6.746686498	7.222834053	7.060836755	7.267039213	7.24100447	7.43834582	7.168993751	7.08124931	7.323291319	7.469713429	7.430590241	7.306690649	7.764847648
V5_7.txt	viet	7.309712122	6.7356547	6.590038461	6.129513303	7.144001277	7.234666098	6.964775855	7.614179964	6.878310801	7.481170127	7.317297069	7.069153779	7.491271295	7.713831679	7.401399541	7.588597871	7.755682489	7.407501801	7.663714651
V5_8.txt	viet	6.729535726	6.847219281	6.651264248	6.563716087	7.173140009	7.155191937	6.99281331	7.254006067	7.04373675	7.291180393	7.227153516	7.15745293	7.323544557	7.367133367	7.341295944	7.599220486	7.22714811	7.524373219	7.74082268
V5_9.txt	viet	7.44032899	6.944132727	6.784146873	6.692921087	7.191464568	7.751614221	7.052260354	7.479322448	7.154471296	7.201844627	7.663383105	7.481105511	7.182189885	7.738908363	8.038571091	8.369265594	7.882659256	7.369664434	7.854142959
V6_1.txt	viet	0	9.114047541	0	0	0	0	0	0	0	0	0	0	0	0	0	0	0	0	0
V6_5.txt	viet	7.717116874	9.031826186	0	0	8.571002972	0	0	0	0	0	0	0	0	0	0	0	0	0	0
V6_6.txt	viet	0	0	0	0	7.842708511	0	0	0	0	0	0	8.517438225	0	0	0	0	0	0	0
V6_7.txt	viet	8.932035395	8.746111522	0	0	8.526484131	0	0	0	0	0	0	8.372532186	0	0	0	0	0	0	0
V7_1.txt	viet	8.489927129	0	0	0	8.908489304	8.560970061	0	0	0	0	0	9.499870188	0	0	0	0	0	0	0
V7_2.txt	viet	8.891062951	9.010478775	0	0	9.068078159	8.248181876	0	0	0	0	0	9.373235829	0	0	0	0	0	0	0
V7_3.txt	viet	8.673843232	9.143008412	0	0	9.090221111	8.814763811	0	0	0	0	0	9.313079414	0	0	0	0	0	0	0
V7_4.txt	viet	8.9606103	8.936690692	0	0	8.960991806	0	0	0	0	0	0	0	0	0	0	0	0	0	0
V7_5.txt	viet	8.941250747	9.452641724	0	0	8.950776962	0	0	0	0	0	0	9.367172969	0	0	0	0	0	0	0
V7_6.txt	viet	8.837741277	8.591517139	0	0	9.512567669	9.322404319	0	0	0	0	0	9.150063521	0	0	0	0	0	0	0
V8_1.txt	viet	8.879432823	8.938561079	0	0	9.038994762	8.886465352	0	0	0	0	0	8.891598497	0	0	0	0	0	0	0
V8_10.txt	viet	8.59659384	9.08984743	0	0	8.706112547	7.886717373	0	0	0	0	0	0	0	0	0	0	0	0	0
V8_3.txt	viet	8.37839292	8.466625418	0	0	8.339069931	8.11136814	0	0	0	0	8.975016849	8.316728101	0	0	0	0	0	0	0
V8_5.txt	viet	8.688200947	0	0	0	8.585353034	8.3945511	0	0	0	0	0	8.837579323	0	0	0	0	0	0	0
V8_6.txt	viet	8.955306806	8.705891182	0	0	8.903472315	8.090432653	0	0	0	0	0	8.797327683	0	0	0	0	0	0	0
V8_7.txt	viet	8.574804485	8.459293067	0	0	8.031331905	0	0	0	0	0	0	8.810505527	0	0	0	0	0	0	0
V8_8.txt	viet	8.869110744	8.053127259	0	0	7.829796588	0	0	0	0	0	0	8.613509165	0	0	0	0	0	0	0
V8_9.txt	viet	0	0	0	0	0	0	0	0	0	0	0	0	0	0	0	0	0	0	0
V9_1.txt	viet	8.731296806	8.538010027	0	0	8.914761651	0	0	0	0	0	0	9.05385156	0	0	0	0	0	0	0
V9_2.txt	viet	8.636641499	8.372154159	0	0	8.562524888	8.117204893	0	0	0	0	0	8.558608866	0	0	0	0	0	0	0
V9_3.txt	viet	8.214876321	8.951718528	0	0	8.819179417	8.19137298	0	0	0	0	0	8.884674369	0	0	0	0	0	0	0
V9_4.txt	viet	8.994177063	9.151526708	0	0	9.159613716	9.070948962	0	0	0	0	0	9.167335744	0	0	0	0	0	0	0
V9_5.txt	viet	9.399142812	9.214673837	0	0	9.301698718	0	0	0	0	0	0	9.309681643	0	0	0	0	0	0	0
V9_6.txt	viet	8.647990183	8.639256305	0	0	9.042178705	8.996061759	0	0	0	0	0	8.966923799	0	0	0	0	0	0	0
V9_8.txt	viet	8.616247403	8.405487154	0	0	0	8.53464236	0	0	0	0	0	9.181817822	0	0	0	0	0	0	0
V9_9.txt	viet	8.55328079	8.410953791	0	0	8.711217741	0	0	0	0	0	0	8.059340928	0	0	0	0	0	0	0
